Simulation Log of events
--------------------------------------------------------------------------------------------------------------------
Time 0
Tasks on waiting:
(17, 1, 3) , (2, 2, 5) , (3, 2, 5) , (4, 2, 3) , (6, 2, 4) , (7, 2, 4) , (9, 2, 4) , (11, 2, 5) , (12, 2, 4) , (13, 2, 3) , (14, 2, 4) , (16, 2, 5) , (18, 2, 4) , (1, 3, 3) , (5, 3, 3) , (8, 3, 4) , (10, 3, 4) , (15, 3, 3) , (19, 3, 3) , (20, 3, 3) , 
Queue 1: closed
Queue 2: closed


Time 1
Tasks on waiting:
(2, 2, 5) , (3, 2, 5) , (4, 2, 3) , (6, 2, 4) , (7, 2, 4) , (9, 2, 4) , (11, 2, 5) , (12, 2, 4) , (13, 2, 3) , (14, 2, 4) , (16, 2, 5) , (18, 2, 4) , (1, 3, 3) , (5, 3, 3) , (8, 3, 4) , (10, 3, 4) , (15, 3, 3) , (19, 3, 3) , (20, 3, 3) , 
Queue 1: (17, 1, 3) , 
Queue 2: closed


Time 2
Tasks on waiting:
(1, 3, 3) , (5, 3, 3) , (8, 3, 4) , (10, 3, 4) , (15, 3, 3) , (19, 3, 3) , (20, 3, 3) , 
Queue 1: (17, 1, 2) , (3, 2, 5) , (6, 2, 4) , (9, 2, 4) , (12, 2, 4) , (14, 2, 4) , (18, 2, 4) , 
Queue 2: (2, 2, 5) , (4, 2, 3) , (7, 2, 4) , (11, 2, 5) , (13, 2, 3) , (16, 2, 5) , 


Time 3
Tasks on waiting:

Queue 1: (17, 1, 1) , (3, 2, 5) , (6, 2, 4) , (9, 2, 4) , (12, 2, 4) , (14, 2, 4) , (18, 2, 4) , (5, 3, 3) , (10, 3, 4) , (19, 3, 3) , 
Queue 2: (2, 2, 4) , (4, 2, 3) , (7, 2, 4) , (11, 2, 5) , (13, 2, 3) , (16, 2, 5) , (1, 3, 3) , (8, 3, 4) , (15, 3, 3) , (20, 3, 3) , 


Time 4
Tasks on waiting:

Queue 1: (3, 2, 5) , (6, 2, 4) , (9, 2, 4) , (12, 2, 4) , (14, 2, 4) , (18, 2, 4) , (5, 3, 3) , (10, 3, 4) , (19, 3, 3) , 
Queue 2: (2, 2, 3) , (4, 2, 3) , (7, 2, 4) , (11, 2, 5) , (13, 2, 3) , (16, 2, 5) , (1, 3, 3) , (8, 3, 4) , (15, 3, 3) , (20, 3, 3) , 


Time 5
Tasks on waiting:

Queue 1: (3, 2, 4) , (6, 2, 4) , (9, 2, 4) , (12, 2, 4) , (14, 2, 4) , (18, 2, 4) , (5, 3, 3) , (10, 3, 4) , (19, 3, 3) , 
Queue 2: (2, 2, 2) , (4, 2, 3) , (7, 2, 4) , (11, 2, 5) , (13, 2, 3) , (16, 2, 5) , (1, 3, 3) , (8, 3, 4) , (15, 3, 3) , (20, 3, 3) , 


Time 6
Tasks on waiting:

Queue 1: (3, 2, 3) , (6, 2, 4) , (9, 2, 4) , (12, 2, 4) , (14, 2, 4) , (18, 2, 4) , (5, 3, 3) , (10, 3, 4) , (19, 3, 3) , 
Queue 2: (2, 2, 1) , (4, 2, 3) , (7, 2, 4) , (11, 2, 5) , (13, 2, 3) , (16, 2, 5) , (1, 3, 3) , (8, 3, 4) , (15, 3, 3) , (20, 3, 3) , 


Time 7
Tasks on waiting:

Queue 1: (3, 2, 2) , (6, 2, 4) , (9, 2, 4) , (12, 2, 4) , (14, 2, 4) , (18, 2, 4) , (5, 3, 3) , (10, 3, 4) , (19, 3, 3) , 
Queue 2: (4, 2, 3) , (7, 2, 4) , (11, 2, 5) , (13, 2, 3) , (16, 2, 5) , (1, 3, 3) , (8, 3, 4) , (15, 3, 3) , (20, 3, 3) , 


Time 8
Tasks on waiting:

Queue 1: (3, 2, 1) , (6, 2, 4) , (9, 2, 4) , (12, 2, 4) , (14, 2, 4) , (18, 2, 4) , (5, 3, 3) , (10, 3, 4) , (19, 3, 3) , 
Queue 2: (4, 2, 2) , (7, 2, 4) , (11, 2, 5) , (13, 2, 3) , (16, 2, 5) , (1, 3, 3) , (8, 3, 4) , (15, 3, 3) , (20, 3, 3) , 


Time 9
Tasks on waiting:

Queue 1: (6, 2, 4) , (9, 2, 4) , (12, 2, 4) , (14, 2, 4) , (18, 2, 4) , (5, 3, 3) , (10, 3, 4) , (19, 3, 3) , 
Queue 2: (4, 2, 1) , (7, 2, 4) , (11, 2, 5) , (13, 2, 3) , (16, 2, 5) , (1, 3, 3) , (8, 3, 4) , (15, 3, 3) , (20, 3, 3) , 


Time 10
Tasks on waiting:

Queue 1: (6, 2, 3) , (9, 2, 4) , (12, 2, 4) , (14, 2, 4) , (18, 2, 4) , (5, 3, 3) , (10, 3, 4) , (19, 3, 3) , 
Queue 2: (7, 2, 4) , (11, 2, 5) , (13, 2, 3) , (16, 2, 5) , (1, 3, 3) , (8, 3, 4) , (15, 3, 3) , (20, 3, 3) , 


Time 11
Tasks on waiting:

Queue 1: (6, 2, 2) , (9, 2, 4) , (12, 2, 4) , (14, 2, 4) , (18, 2, 4) , (5, 3, 3) , (10, 3, 4) , (19, 3, 3) , 
Queue 2: (7, 2, 3) , (11, 2, 5) , (13, 2, 3) , (16, 2, 5) , (1, 3, 3) , (8, 3, 4) , (15, 3, 3) , (20, 3, 3) , 


Time 12
Tasks on waiting:

Queue 1: (6, 2, 1) , (9, 2, 4) , (12, 2, 4) , (14, 2, 4) , (18, 2, 4) , (5, 3, 3) , (10, 3, 4) , (19, 3, 3) , 
Queue 2: (7, 2, 2) , (11, 2, 5) , (13, 2, 3) , (16, 2, 5) , (1, 3, 3) , (8, 3, 4) , (15, 3, 3) , (20, 3, 3) , 


Time 13
Tasks on waiting:

Queue 1: (9, 2, 4) , (12, 2, 4) , (14, 2, 4) , (18, 2, 4) , (5, 3, 3) , (10, 3, 4) , (19, 3, 3) , 
Queue 2: (7, 2, 1) , (11, 2, 5) , (13, 2, 3) , (16, 2, 5) , (1, 3, 3) , (8, 3, 4) , (15, 3, 3) , (20, 3, 3) , 


Time 14
Tasks on waiting:

Queue 1: (9, 2, 3) , (12, 2, 4) , (14, 2, 4) , (18, 2, 4) , (5, 3, 3) , (10, 3, 4) , (19, 3, 3) , 
Queue 2: (11, 2, 5) , (13, 2, 3) , (16, 2, 5) , (1, 3, 3) , (8, 3, 4) , (15, 3, 3) , (20, 3, 3) , 


Time 15
Tasks on waiting:

Queue 1: (9, 2, 2) , (12, 2, 4) , (14, 2, 4) , (18, 2, 4) , (5, 3, 3) , (10, 3, 4) , (19, 3, 3) , 
Queue 2: (11, 2, 4) , (13, 2, 3) , (16, 2, 5) , (1, 3, 3) , (8, 3, 4) , (15, 3, 3) , (20, 3, 3) , 


Time 16
Tasks on waiting:

Queue 1: (9, 2, 1) , (12, 2, 4) , (14, 2, 4) , (18, 2, 4) , (5, 3, 3) , (10, 3, 4) , (19, 3, 3) , 
Queue 2: (11, 2, 3) , (13, 2, 3) , (16, 2, 5) , (1, 3, 3) , (8, 3, 4) , (15, 3, 3) , (20, 3, 3) , 


Time 17
Tasks on waiting:

Queue 1: (12, 2, 4) , (14, 2, 4) , (18, 2, 4) , (5, 3, 3) , (10, 3, 4) , (19, 3, 3) , 
Queue 2: (11, 2, 2) , (13, 2, 3) , (16, 2, 5) , (1, 3, 3) , (8, 3, 4) , (15, 3, 3) , (20, 3, 3) , 


Time 18
Tasks on waiting:

Queue 1: (12, 2, 3) , (14, 2, 4) , (18, 2, 4) , (5, 3, 3) , (10, 3, 4) , (19, 3, 3) , 
Queue 2: (11, 2, 1) , (13, 2, 3) , (16, 2, 5) , (1, 3, 3) , (8, 3, 4) , (15, 3, 3) , (20, 3, 3) , 


Time 19
Tasks on waiting:

Queue 1: (12, 2, 2) , (14, 2, 4) , (18, 2, 4) , (5, 3, 3) , (10, 3, 4) , (19, 3, 3) , 
Queue 2: (13, 2, 3) , (16, 2, 5) , (1, 3, 3) , (8, 3, 4) , (15, 3, 3) , (20, 3, 3) , 


Time 20
Tasks on waiting:

Queue 1: (12, 2, 1) , (14, 2, 4) , (18, 2, 4) , (5, 3, 3) , (10, 3, 4) , (19, 3, 3) , 
Queue 2: (13, 2, 2) , (16, 2, 5) , (1, 3, 3) , (8, 3, 4) , (15, 3, 3) , (20, 3, 3) , 


--------------------------------------------------------------------------------------------------------------------
Peak time: 3
Average waiting time: 1.85
Average service time: 3.8
